|               RA |              Dec |           Object ID |
|   142.7914305876 | 55.3680163203502 | 1237653613722796252 |
| 142.709474126863 | 56.0725752931501 | 1237654383590506787 |
| 143.274939928908 | 54.9586769785588 | 1237653613185925457 |
| 143.359796217168 | 55.2353873036763 | 1237654382516699547 |
| 143.276322755647 | 54.5772568394208 | 1237655369278161317 |
| 143.387442537467 | 54.6724841111849 | 1237654381979697482 |
| 143.510558016577 | 54.5881212405371 | 1237655369278226585 |
|  142.72083169036 |  54.727401325232 | 1237653613185728688 |
| 142.835878199863 | 55.5215401511289 | 1237654383053504730 |
| 142.721157873671 | 55.3741673161812 | 1237653613722796237 |
| 143.488491359366 | 55.7362918745932 | 1237654383053701809 |
| 143.555869986801 | 55.6948442869256 | 1237653613722992840 |
| 143.583536320784 | 55.5891099475336 | 1237653613722992871 |
| 143.583536320784 | 55.5891099475336 | 1237653613722992871 |
| 143.489066841665 | 55.0547434063168 | 1237653613185990762 |
| 143.438761360286 | 54.7480484262955 | 1237654381979697282 |
| 143.509956085638 | 55.2397619058072 | 1237654382516699210 |
| 143.465451863444 | 54.5867618136904 | 1237655369278226964 |
| 143.437906573656 | 54.6117285660256 | 1237655369278226692 |
| 142.836199956785 | 55.6944392079339 | 1237654383053570286 |
|  143.40531482427 | 55.9188529067822 | 1237654383053766873 |
| 143.437532751356 | 55.7507816365184 | 1237654383053701363 |
| 143.555681865323 |  55.609885587095 | 1237653613722993169 |
| 143.584931446217 | 55.5409171332538 | 1237653613722993100 |
| 142.732755278596 | 54.8178599866588 | 1237653613185794116 |
| 143.625924924292 | 54.9334280373278 | 1237654381979763357 |
| 143.419319041518 | 55.1830563117285 | 1237654382516699358 |
| 142.731265526208 | 54.8449944701387 | 1237653613185794265 |
|  143.45671284737 | 55.8512957070661 | 1237654383053766924 |
| 142.812809531434 | 55.1343103313703 | 1237654382516568311 |
| 142.878479923195 | 56.0227268822062 | 1237654383590507295 |
| 143.155657878988 | 54.4828302820594 | 1237655369278095464 |
| 143.157941132416 | 54.6161641482336 | 1237654381979631734 |
| 143.050392760684 | 54.7794456051992 | 1237653613185794108 |
| 142.989865967703 | 55.5683540869719 | 1237654383053570102 |
| 143.119028221195 |  55.895793846467 | 1237653614259863712 |
| 143.155880461339 | 54.6729297200212 | 1237654381979632061 |
| 142.747721348186 | 54.5510802076237 | 1237654381979501120 |
| 143.012051857069 |  55.401481604376 | 1237653613722861770 |
| 143.011947891433 |  56.003962744002 | 1237653614259864175 |
| 142.747917692437 | 55.3278239653655 | 1237653613722796316 |
| 142.870954071881 | 54.5155985101128 | 1237654381979500802 |
| 143.050392760684 | 54.7794456051992 | 1237653613185794108 |
| 143.231202988771 | 54.7513186162523 | 1237654381979631788 |
| 143.121496434863 | 56.0570577130996 | 1237653614259929189 |
| 143.267292563878 |  55.812866722475 | 1237654383053701247 |
| 143.230845005535 | 54.9609962240943 | 1237653613185925124 |
| 142.769594757333 | 55.7188279847792 | 1237653614259732989 |
| 143.189366295004 | 55.7007037780198 | 1237654383053636124 |
| 143.266889509509 |  55.558608458091 | 1237653613722927345 |
| 143.123652970757 | 55.4755126741393 | 1237653613722861752 |
| 143.324316778966 | 55.8664464931464 | 1237654383053701817 |
| 143.295180186705 | 56.0477848413909 | 1237653614259929217 |
|  144.11983338345 | 54.4157830998122 | 1237653612112183548 |
|  144.27294595704 | 54.5694055694885 | 1237654381442957941 |
| 143.070531219103 | 55.9747008757721 | 1237653614259863749 |
|  143.24576664879 | 55.0759608584209 | 1237653613185925327 |
| 144.173463511633 | 55.9388145713708 | 1237655370352427022 |
| 143.069645638323 | 55.2351570650508 | 1237654382516633707 |
| 144.174243269553 | 55.2100388713254 | 1237654381979959925 |
| 144.132242319543 | 55.3919889043922 | 1237653613186187504 |
| 144.131156697909 | 54.6927321654878 | 1237655369278358115 |
| 143.034270217535 | 56.0216621831301 | 1237653614259864225 |
| 143.106898023731 | 55.8965298761627 | 1237653614259864112 |
| 143.108808367176 | 55.6751040819326 | 1237654383053636000 |
| 142.759466244958 | 55.2630880946954 | 1237653613722730744 |
| 143.699072478135 | 54.8232584873251 | 1237654381979762874 |
|  143.68143328872 | 55.1292534452513 | 1237653613186056391 |
| 144.302097713046 | 54.9475346273241 | 1237655369278488853 |
| 143.707857513991 | 55.7628372665007 | 1237655370352296090 |
| 143.693941716695 | 54.7849645762865 | 1237654381979762959 |
|  143.69759909132 | 54.9503559783962 | 1237654381979828386 |
| 143.652603079951 | 54.6449641038314 | 1237655369278226673 |
| 144.170999789558 | 54.9006997409887 | 1237655369278423440 |
| 143.709784034106 | 54.7923089490864 | 1237654381979762763 |
| 143.708336784953 |  55.165458670915 | 1237653613186056812 |
| 143.713954935551 |  55.268595537687 | 1237653613186056677 |
| 143.714094498685 | 56.0652048205457 | 1237653614259994889 |
| 144.143347802079 | 55.4165197445463 | 1237653613186187766 |
| 144.301876682014 | 55.9327191964567 | 1237655370352427228 |
| 143.320998903828 | 54.4621729797238 | 1237655369278161080 |
| 143.030417402475 | 54.5369393599338 | 1237654381979566254 |
| 143.135345711398 | 54.4986497357414 | 1237655369278095462 |
|  143.09957409041 | 55.4618800323767 | 1237653613722861738 |
| 144.209352645441 | 55.1797102593474 | 1237654381979959922 |
| 143.136033928809 | 55.6731270879539 | 1237654383053635702 |
|  143.09957409041 | 55.4618800323767 | 1237653613722861738 |
| 143.321555893253 | 55.2979950622616 | 1237654382516699587 |
| 142.875272529758 | 55.1488167211417 | 1237654382516568326 |
| 143.063829811456 | 55.4903255121265 | 1237653613722861746 |
| 143.167817529632 | 55.4148727902003 | 1237653613722862138 |
| 143.286110324668 | 55.8696192123829 | 1237654383053701749 |
| 143.246955118784 | 55.4119651831477 | 1237653613722861800 |
| 143.065106309984 | 54.4678733814904 | 1237655369278095635 |
| 143.168083048574 | 54.4872442394933 | 1237655369278095718 |
| 144.169408688625 | 54.6739147962664 | 1237654381442957518 |
| 142.764180237014 |  54.619509452939 | 1237654381979566187 |
| 142.923671833359 | 55.0191804880247 | 1237654382516568169 |
| 142.863337052238 | 55.1594323605752 | 1237654382516568209 |
|  143.14603647716 | 55.5165687120909 | 1237653613722927182 |
| 143.368057185995 | 55.4867943939521 | 1237653613722927676 |
| 144.262035726067 | 55.0655442253806 | 1237654381979959485 |
| 143.368057185995 | 55.4867943939521 | 1237653613722927676 |
| 144.264925063473 | 55.1098732264645 | 1237654381979959586 |
| 144.262331531044 | 55.4071738328619 | 1237653613186253102 |
| 143.336255428865 | 54.4977808748587 | 1237655369278160954 |
| 143.311771146793 | 54.8024976312604 | 1237654381979697603 |
| 142.865561374828 | 54.4448927887202 | 1237654381979500740 |
| 142.863125695659 | 55.3371215398728 | 1237653613722796818 |
| 143.206152314977 | 55.9287823210581 | 1237653614259864293 |
| 142.822013121263 | 54.5637987404705 | 1237654381979501227 |
| 143.204583938812 | 54.6072151634917 | 1237654381979631880 |
| 143.312489046216 | 54.6734270362411 | 1237654381979632218 |
| 144.128468097484 | 55.4642129420229 | 1237654382516896080 |
|  143.70100375376 | 56.0529948596152 | 1237654383053832373 |
| 144.332901346139 |  55.148093425892 | 1237654381979959648 |
| 143.683347004094 |  54.758722555317 | 1237654381979763175 |
| 143.703289584502 | 54.9001231686296 | 1237654381979828524 |
| 143.700708335478 | 55.0251695311927 | 1237653613185991198 |
| 142.695947525561 |  55.183971831159 | 1237653613722730729 |
| 143.656698436585 | 55.6256699692691 | 1237653613723058467 |
|  143.70338925678 | 55.7303429586363 | 1237655370352296235 |
| 144.186510012564 | 55.5970534359409 | 1237654382516961645 |
| 144.221468248271 | 55.4708606748368 | 1237653613186252901 |
|  144.24947308117 | 54.5127819699874 | 1237654381442957473 |
| 143.643947993931 | 54.5569719486337 | 1237655369278226660 |
| 143.658649800064 | 54.6688897800985 | 1237655369278226648 |
| 143.644772529837 | 54.5192679475092 | 1237655369278226599 |
| 143.604924108412 | 54.7291025887198 | 1237654381979762695 |
| 143.620214124009 | 55.5725466104865 | 1237653613722992818 |
| 143.580630124305 | 54.7306304875813 | 1237654381979697298 |
| 143.532308490211 | 54.7903647218922 | 1237654381979762827 |
| 143.621005762989 | 54.9546583440705 | 1237654381979762892 |
| 143.645681441118 | 55.1057931342978 | 1237653613185990816 |
| 144.249941859428 | 54.8375889858869 | 1237655369278423196 |
| 143.644772529837 | 54.5192679475092 | 1237655369278226599 |
| 143.552799790061 | 54.6514685695678 | 1237655369278226845 |
| 143.531021413851 | 54.4256829928816 | 1237654381442761076 |
| 143.553279025801 | 56.0617542261046 | 1237653614259994786 |
| 143.580596164118 | 55.5891457864209 | 1237653613722992872 |
| 143.580942519479 | 55.8045481123194 | 1237654383053766940 |
| 142.879439129315 | 54.4315074544883 | 1237654381979501079 |
| 143.531021413851 | 54.4256829928816 | 1237654381442761076 |
| 142.957882897697 | 55.0875933849119 | 1237654382516568213 |
| 142.941988966311 | 56.0115692001821 | 1237654383590572539 |
| 143.000333270512 | 55.5631756173478 | 1237654383053570129 |
| 142.957882897697 | 55.0875933849119 | 1237654382516568213 |
| 142.972800927187 | 54.6563259986074 | 1237654381979566955 |
| 142.973838143613 | 54.6924815240016 | 1237654381979566993 |
|  142.97557443448 | 54.7301703381703 | 1237653613185794440 |
|  142.94293076169 | 55.2262931807511 | 1237653613722796496 |
| 142.941387336063 | 55.0978984078011 | 1237654382516568871 |
| 142.973635925692 | 54.7362552069781 | 1237653613185794451 |
| 143.432761228961 | 54.7214959879876 | 1237654381979697632 |
| 143.485550662628 | 54.5182805645716 | 1237655369278161070 |
| 142.859316897944 | 55.2060543872298 | 1237653613722730661 |
| 143.508473305513 | 55.2410533687252 | 1237654382516699209 |
| 143.528872684041 | 55.8144981452952 | 1237654383053766662 |
| 143.485350767553 | 55.9246613059009 | 1237654383053767139 |
| 143.506203509956 | 54.9007909046354 | 1237654381979762954 |
| 143.485104719055 | 55.0035068200725 | 1237653613185991265 |
| 144.122822714252 | 54.5612971861844 | 1237654381442957441 |
| 142.831128390023 | 54.7881170653574 | 1237653613185794388 |
| 144.295468972392 | 55.2657125702386 | 1237653613186187394 |
| 144.198656636003 | 55.2456625353807 | 1237653613186187370 |
| 144.295565398053 | 55.7979452618756 | 1237655370352427105 |
| 144.122822714252 | 54.5612971861844 | 1237654381442957441 |
| 143.334452911019 | 55.2613748318017 | 1237654382516699285 |
| 144.294547356165 | 54.5017727012398 | 1237654381442957637 |
|  144.19653247196 | 54.5545974759554 | 1237654381442957465 |
| 144.292763020236 | 55.2304244142659 | 1237654381980025127 |
| 143.596199343458 | 54.7863996480432 | 1237654381979763101 |
| 143.475929198398 | 55.1659399346216 | 1237653613185991149 |
| 143.364665842631 | 55.4028025273637 | 1237653613722927217 |
| 143.333200831612 | 55.4183992744505 | 1237653613722927513 |
| 143.477099929609 | 55.3948974909513 | 1237654382516765101 |
| 144.123927987802 | 55.9359603784866 | 1237655370352427380 |
| 143.439710175648 | 54.6458046603901 | 1237655369278226990 |
| 142.915233618991 | 55.1551587874533 | 1237654382516568295 |
| 143.449427084118 | 55.6274491570943 | 1237653613722992783 |
| 144.278614408321 | 55.9640089574456 | 1237655370352427211 |
| 144.154547880474 | 54.9308533157006 | 1237655369278423200 |
| 144.177460834534 | 55.0493695082987 | 1237654381979959328 |
| 143.449427084118 | 55.6274491570943 | 1237653613722992783 |
| 143.450332389465 | 55.3129977842026 | 1237654382516699226 |
| 143.541082745309 | 56.0225066616329 | 1237653614259995038 |
| 143.500534970866 | 56.0677002728967 | 1237653614259995054 |
| 143.474620936665 | 55.9041609461789 | 1237654383053766885 |
| 142.913894506158 | 54.7290703928379 | 1237653613185794268 |
| 144.103366153869 | 54.7046187760087 | 1237655369278357616 |
| 143.196785546669 | 56.0561942209099 | 1237653614259929115 |
| 143.457365995507 |  55.182770117969 | 1237654382516699294 |
| 144.304791149139 | 54.9552303031251 | 1237655369278488943 |
| 144.103366153869 | 54.7046187760087 | 1237655369278357616 |
| 142.803154511196 | 55.2966952986504 | 1237653613722796042 |
| 143.457365995507 |  55.182770117969 | 1237654382516699294 |
| 143.257001911891 | 55.0216766909872 | 1237653613185925223 |
| 142.905731270787 | 54.9088866551819 | 1237653613185794640 |
|  143.35406269738 | 55.8869912614295 | 1237654383053701880 |
| 143.481525456167 | 55.4438811578281 | 1237654382516765197 |
| 144.138926394997 | 55.9669971173491 | 1237655370352427428 |
| 142.903737498969 | 54.4838448102853 | 1237654381979500664 |
| 144.310896523306 |  55.424039806947 | 1237653613186252923 |
| 143.470725680126 | 54.6570227584054 | 1237655369278226795 |
| 143.564205368703 | 54.9122397159635 | 1237654381979763262 |
| 143.496076923357 | 55.7557238704851 | 1237654383053701284 |
| 144.300680989909 | 54.8315513187358 | 1237655369278423475 |
| 142.842486621168 | 55.5562853555262 | 1237654383053504806 |
| 142.887087985921 | 56.0493578194773 | 1237654383590572172 |
| 143.665203730379 | 54.5488070186527 | 1237655369278226834 |
| 143.615943107239 | 55.0844643133551 | 1237653613185990846 |
| 143.615597781244 | 55.4021817545558 | 1237654382516765265 |
|  143.59995829412 | 54.6483317394689 | 1237655369278226612 |
| 142.705250129525 | 54.7059101379615 | 1237653613185729063 |
| 142.704941227212 | 55.3587134796183 | 1237653613722796372 |
| 142.798871018055 | 55.5419140269202 | 1237654383053505379 |
| 143.617280125543 | 55.8458544654516 | 1237654383053766834 |
| 142.704941227212 | 55.3587134796183 | 1237653613722796372 |
| 142.886725897375 | 55.3926550851835 | 1237653613722796388 |
| 143.291475332361 | 55.9599782799168 | 1237653614259929201 |
| 144.319035361556 |  55.367621179153 | 1237653613186252895 |
| 142.824702681324 |  55.581627676461 | 1237654383053570180 |
| 143.291475332361 | 55.9599782799168 | 1237653614259929201 |
| 144.226582972789 | 54.4270239805161 | 1237653612112249159 |
| 144.133973869994 | 54.9157765776793 | 1237655369278423418 |
| 143.386582295122 | 54.6565535606203 | 1237654381979697460 |
| 143.193400288777 | 54.7527734435372 | 1237654381979631841 |
| 143.258592821079 | 56.0185088941763 | 1237653614259929515 |
| 143.402138667238 | 55.7675943473817 | 1237654383053701445 |
| 144.316772819593 | 55.4465040827872 | 1237653613186253225 |
| 142.689410428842 | 54.9577138680801 | 1237654382516502817 |
| 143.194318342584 | 54.6691868514423 | 1237654381979632090 |
|  142.76119778539 | 54.9694793604308 | 1237654382516502666 |
| 143.497288048892 | 55.2640784487058 | 1237654382516699218 |
| 144.155270031845 |  55.448881846351 | 1237653613186187418 |
| 144.182418248321 | 55.9471235060179 | 1237655370352427025 |
| 144.320350893352 | 54.9452616361853 | 1237655369278488947 |
| 144.321503769658 | 55.0270755817876 | 1237654381979959492 |
| 144.182546438119 | 54.9821451426047 | 1237654381979894469 |
| 144.156295487685 | 54.5171844715991 | 1237654381442892647 |
| 143.498848067864 | 54.6647900696541 | 1237655369278227052 |
| 143.496831412839 | 54.7029275185898 | 1237654381979697664 |
| 143.400333472789 | 54.7674745136289 | 1237654381979697335 |
| 143.446822062023 | 54.9012341174019 | 1237654381979763105 |
| 142.762179154625 | 54.7919197046433 | 1237653613185729274 |
| 142.761909254339 | 54.6708014386439 | 1237653613185729096 |
| 142.939001380872 | 56.0433287145026 | 1237654383590572194 |
| 142.951419014282 | 55.7434471091965 | 1237654383053635682 |
| 142.940707238255 | 55.0001347241566 | 1237654382516568411 |
| 143.016900575158 | 55.2633617191701 | 1237653613722796338 |
| 144.117122476852 | 55.8141185591279 | 1237655370352361963 |
| 142.733583558455 | 55.2860643989895 | 1237653613722730591 |
| 142.939348175967 | 55.2600039102014 | 1237653613722796803 |
| 143.058570297475 | 54.5356982025237 | 1237654381979566380 |
| 143.340492404836 | 55.5809179467371 | 1237653613722927160 |
|   144.2552751821 | 55.2958436324252 | 1237653613186187392 |
| 144.045134379355 | 55.2912851445343 | 1237653613186122286 |
| 144.328045783963 | 55.6245404879558 | 1237654382516961320 |
|   144.2552751821 | 55.2958436324252 | 1237653613186187392 |
| 144.254778920069 | 54.7875571699834 | 1237655369278423132 |
| 144.047046752021 | 54.6669744742625 | 1237655369278357673 |
| 144.254918507921 |  55.049372287798 | 1237654381979959476 |
|  142.83960368841 | 55.9209911139282 | 1237653614259798166 |
| 144.327476766475 | 54.8028573893867 | 1237655369278423465 |
| 144.328216749899 | 55.1133321633305 | 1237654381979959638 |
| 144.097529510784 | 54.6004473159335 | 1237654381442957755 |
| 144.017993231821 | 54.4683822753271 | 1237654381442891946 |
| 144.094880961591 | 54.9152867913891 | 1237655369278423383 |
| 144.018722370722 | 54.8242580223893 | 1237655369278358142 |
| 143.370879957667 | 54.5940571358931 | 1237655369278161578 |
| 142.838680815719 | 54.6563216934062 | 1237654381979566109 |
| 142.839771729471 | 55.9791225425339 | 1237654383590507147 |
| 143.300272708233 | 56.0229382884167 | 1237653614259929567 |
| 144.253965601094 | 56.0182279750935 | 1237654383053963378 |
| 144.096605819038 | 55.4991405189075 | 1237654382516896398 |
| 142.839903499746 | 54.6476325963141 | 1237654381979566562 |
| 142.945181643088 | 54.7075390383836 | 1237653613185794885 |
| 143.072670945259 | 55.6209121598066 | 1237654383053570411 |
| 144.297326124648 | 56.0238011476147 | 1237655370352492806 |
| 144.297129359914 | 54.7902607007847 | 1237655369278423134 |
| 142.961297509095 | 55.4173408853876 | 1237653613722861766 |
|  144.23257182619 | 56.0651578019356 | 1237654383053963733 |
| 144.295928692383 | 55.4805501489844 | 1237653613186253018 |
|  142.94600935126 | 55.3700902354289 | 1237653613722796207 |
| 144.068679677301 | 54.4746894860291 | 1237654381442892176 |
| 144.069941806613 | 54.8735942701219 | 1237655369278423186 |
| 144.164128400681 | 54.4643019866884 | 1237654381442892025 |
| 143.980821331288 | 55.2111461296849 | 1237653613186121824 |
| 144.328711520559 | 55.5138972257142 | 1237653613186252958 |
| 144.165561526895 | 55.8519325306001 | 1237655370352427095 |
| 143.979353373033 | 55.7283294537008 | 1237655370352361625 |
| 144.007664221871 | 54.6872538061224 | 1237655369278357670 |
| 144.165659017469 | 54.6225776605678 | 1237654381442957890 |
| 144.165031285961 |  54.495469931209 | 1237654381442892273 |
| 144.070428588027 | 54.7224965198237 | 1237655369278358106 |
| 143.980821331288 | 55.2111461296849 | 1237653613186121824 |
|  144.06866891258 | 55.2566310254548 | 1237653613186122255 |
| 143.267672307425 | 54.9400423784802 | 1237653613185925135 |
| 143.357910048764 |  55.178331776119 | 1237654382516699418 |
| 143.270483587329 | 55.3093494676363 | 1237654382516699556 |
| 142.897470699834 | 54.4650481444673 | 1237654381979501172 |
| 143.164045708246 | 54.9445138296414 | 1237653613185860230 |
| 143.198619674195 | 54.9843911354018 | 1237653613185925401 |
| 142.896746727753 | 55.8466836395703 | 1237653614259798482 |
|  143.30136283653 | 55.4351968584853 | 1237653613722927495 |
| 144.098172522803 | 55.5620106465601 | 1237654382516896469 |
| 143.888514327672 | 54.4990712752024 | 1237654381442891873 |
| 143.885800987438 | 54.5305481086324 | 1237654381442891915 |
|  143.09237258993 | 55.9192294317462 | 1237653614259863716 |
| 142.955525155434 | 55.7104663332082 | 1237654383053570257 |
| 143.093204311215 | 55.5413571653596 | 1237653613722861814 |
| 142.955525155434 | 55.7104663332082 | 1237654383053570257 |
| 142.956286756493 | 54.9819465106891 | 1237654382516568162 |
| 143.924939077057 | 56.0004717164972 | 1237654383053897733 |
| 144.267732015786 | 54.8705330859532 | 1237655369278423484 |
| 144.265929750038 | 54.9427373017734 | 1237655369278423102 |
| 144.142734317522 | 54.4231037531666 | 1237653612112183627 |
| 143.091676125339 | 55.9430795462643 | 1237653614259864173 |
|   143.1604062725 | 55.6922763737517 | 1237654383053636088 |
| 143.125156523795 | 55.6238533328652 | 1237654383053635936 |
|  143.96919287424 | 55.8367263684964 | 1237655370352361648 |
| 143.926032434891 | 55.9608773718088 | 1237654383053832831 |
| 144.141880766113 | 55.8412982146119 | 1237655370352362002 |
| 144.048699571519 |  55.762939527061 | 1237655370352361503 |
| 144.017221409673 | 55.5648282151483 | 1237654382516896115 |
| 142.804238208741 | 54.7018595367041 | 1237653613185728605 |
| 144.001242185114 | 54.4887635987771 | 1237654381442891967 |
| 143.765109944133 | 54.4523128022939 | 1237654381442826328 |
| 142.737067993459 | 55.9853844347398 | 1237654383590506668 |
|  143.13753864053 | 55.1185583801423 | 1237654382516633679 |
| 143.754145688747 | 55.7952848581728 | 1237655370352296029 |
| 143.753247241002 | 55.6711458362791 | 1237655370352296082 |
| 143.813453158383 | 55.5071990797008 | 1237654382516830384 |
| 144.107132222802 | 55.5217261948225 | 1237654382516896119 |
| 143.777556921914 | 55.7020885192533 | 1237655370352296017 |
| 143.829189001978 | 55.6119237485058 | 1237655370352296138 |
| 143.885238575201 | 55.5323233840648 | 1237654382516895905 |
| 143.950366739848 | 55.9318419109731 | 1237654383053832504 |
| 143.928836489513 | 55.5526175683556 | 1237654382516896033 |
| 143.754145688747 | 55.7952848581728 | 1237655370352296029 |
| 143.999981539106 | 54.6155925468639 | 1237654381442892049 |
|  143.81265557293 | 54.7090307939684 | 1237655369278292161 |
| 142.964184328639 | 55.9537277238741 | 1237653614259863668 |
| 142.737067993459 | 55.9853844347398 | 1237654383590506668 |
| 144.108914080062 | 55.3358089622588 | 1237653613186187487 |
| 143.978277809514 | 55.0940475590234 | 1237654381979894402 |
| 143.976810442499 | 55.3074545592842 | 1237653613186122216 |
| 143.906857546753 | 55.4036183292677 | 1237654382516830754 |
| 143.754459642208 | 54.5615695262602 | 1237655369278226909 |
| 143.776506501517 | 54.6584329522995 | 1237655369278292580 |
|  143.81396966056 | 54.7286724829585 | 1237655369278292437 |
|  143.78851117414 | 54.9367555783044 | 1237654381979828756 |
| 143.008160673512 | 54.4688505418633 | 1237654381979566499 |
| 143.110268949728 |  54.857072309649 | 1237653613185860010 |
| 142.737957161396 | 55.0917870646107 | 1237654382516503417 |
| 143.171334544303 | 55.9143840048063 | 1237653614259864220 |
| 143.928211913024 | 56.0086557006601 | 1237654383053898114 |
| 143.927283706349 | 55.9421235272689 | 1237654383053832810 |
| 143.800776175534 | 55.6547670879387 | 1237655370352296237 |
| 143.829189001978 | 55.6119237485058 | 1237655370352296138 |
| 144.054372895691 | 55.6836224807015 | 1237653613723123735 |
| 143.110402302532 | 54.7552942736259 | 1237654381979631757 |
| 143.111137674968 | 54.4944707648002 | 1237655369278095687 |
|  143.97165838818 | 54.4771097057551 | 1237654381442891922 |
| 143.250900780358 |  54.818134796114 | 1237654381979697185 |
| 143.735330061756 | 54.5912387719683 | 1237655369278226643 |
| 142.826663797417 | 54.5848704661734 | 1237654381979566192 |
| 142.774333992021 | 55.1565434579496 | 1237653613722730635 |
| 143.921123169148 |  55.382768106737 | 1237654382516830367 |
| 143.734479097667 | 55.6580285537369 | 1237655370352296078 |
| 143.833122349644 | 55.5905043938162 | 1237654382516895914 |
|  143.86352794379 | 55.5309120221337 | 1237654382516830394 |
| 143.250271869743 | 55.2621752918231 | 1237654382516699238 |
| 143.898876621196 |   54.92704659973 | 1237654381979828422 |
| 143.919832652168 | 54.9073308486733 | 1237654381979828440 |
| 144.064166828451 |  54.648580996468 | 1237654381442957455 |
| 143.250900780358 |  54.818134796114 | 1237654381979697185 |
| 143.392993994672 | 55.1738806685948 | 1237654382516699256 |
|  143.31467392371 | 56.0417032367897 | 1237653614259929265 |
|  144.03735841118 | 54.7264261846752 | 1237655369278357885 |
| 144.064166828451 |  54.648580996468 | 1237654381442957455 |
| 143.757639916389 | 54.5258063662537 | 1237654381442826853 |
| 143.745047158631 | 54.6608424079787 | 1237655369278292566 |
| 143.805122529075 | 54.6749693807889 | 1237655369278292240 |
| 143.347116882583 | 54.6766137794009 | 1237654381979697444 |
| 143.250900780358 |  54.818134796114 | 1237654381979697185 |
| 143.277380583888 | 55.2846791074333 | 1237654382516699822 |
| 142.826840029111 | 55.4865520817515 | 1237654383053505117 |
| 143.376970651184 | 55.7889499888274 | 1237654383053701730 |
| 143.414374776649 |  55.900289641915 | 1237654383053767057 |
| 143.832685324446 | 56.0100079976492 | 1237654383053832803 |
| 143.835084919209 | 55.6869780846158 | 1237655370352296315 |
| 143.900484509509 | 55.5029682901936 | 1237654382516830395 |
| 143.780307660789 | 55.4667431591299 | 1237654382516830695 |
| 143.899181126449 | 55.4496395787771 | 1237654382516830844 |
| 143.971547724047 | 56.0159814456181 | 1237654383053897844 |
| 144.005851955804 | 55.9500184809319 | 1237654383053898119 |
| 144.062360144622 | 55.4549302411338 | 1237654382516896036 |
| 143.393073670009 | 54.6534959326555 | 1237654381979697463 |
| 143.393821591116 | 54.5679166435261 | 1237655369278161201 |
| 143.960567266224 | 54.4582154172485 | 1237654381442891908 |
| 143.825476071594 | 54.4751308313682 | 1237654381442826371 |
| 143.872357894874 | 54.8283542759155 | 1237655369278357683 |
| 142.767592563058 | 55.7855639736471 | 1237653614259732613 |
|  142.99401968344 | 55.2975738683124 | 1237653613722796342 |
| 143.810184069304 | 55.8859771996554 | 1237654383053832211 |
| 143.932405662754 | 55.6011324266797 | 1237654382516895936 |
| 143.958956628586 | 55.6435467848912 | 1237653613723123786 |
| 143.724267466377 | 55.4379989798072 | 1237654382516830340 |
| 143.825485706138 | 55.4975922299817 | 1237654382516830477 |
| 143.809941996731 | 55.8871321935154 | 1237654383053832213 |
| 143.930958799644 |  54.587112237505 | 1237654381442891986 |
| 143.758564509952 |  54.587410851645 | 1237655369278226716 |
|  143.74801153913 | 54.9812062323702 | 1237654381979828407 |
| 143.809136410629 | 54.9542836591309 | 1237654381979828415 |
| 143.984332477455 | 55.2320187224065 | 1237653613186121928 |
| 143.890415062372 | 55.2915205550146 | 1237653613186121891 |
| 143.794174662741 | 54.5687705877789 | 1237655369278226940 |
| 143.759416581153 | 54.8400291239087 | 1237654381979762970 |
| 143.739282960187 | 54.9010360955698 | 1237654381979828378 |
| 143.759433140068 | 54.9284484566224 | 1237654381979828395 |
|   143.7239812385 | 55.1325517983369 | 1237653613186056293 |
| 143.823908411315 | 55.0633216753299 | 1237654381979893996 |
| 143.019694579513 | 55.2178262112611 | 1237654382516633954 |
| 143.715951659138 | 55.5288269815668 | 1237654382516830708 |
| 143.760784253572 | 55.6188585296337 | 1237653613723058565 |
| 143.770245620733 | 55.5318278676313 | 1237654382516830797 |
| 142.768946598494 |  55.106620076656 | 1237654382516503235 |
| 142.769187644416 | 55.0194910532282 | 1237654382516503127 |
| 143.132275214107 |  54.689537873853 | 1237654381979632058 |
| 143.085255955442 | 54.5167397609882 | 1237654381979566267 |
| 143.044514249472 | 55.3619522730319 | 1237653613722861585 |
| 143.045455994843 | 55.2197618241285 | 1237654382516633688 |
| 143.044835148792 | 54.9250290936269 | 1237653613185859721 |
| 143.283240039655 | 55.9191554889877 | 1237653614259929177 |
| 143.087401029158 | 55.7369233536979 | 1237654383053635718 |
|  143.89611111262 | 55.0529615764391 | 1237654381979894077 |
| 143.046961911664 | 54.9610055022963 | 1237653613185859740 |
| 144.190177836243 |  55.008797812689 | 1237654381979893980 |
|  144.32395353884 | 55.6422796481779 | 1237654382516961397 |
| 143.985034175947 |  55.485140929549 | 1237654382516895917 |
| 144.087450361197 | 55.1349198795329 | 1237654381979959567 |
|  143.89482870337 | 55.4198002253948 | 1237654382516830377 |
| 143.957130009921 | 54.6836227746468 | 1237655369278292098 |
| 144.010613412167 | 54.9058087512764 | 1237654381979893878 |
| 142.776310206751 | 55.7930774916444 | 1237653614259798119 |
| 143.046961911664 | 54.9610055022963 | 1237653613185859740 |
| 143.957130009921 | 54.6836227746468 | 1237655369278292098 |
| 143.896552977053 | 55.0432213525494 | 1237654381979894207 |
| 143.986541832124 | 54.9995831564131 | 1237654381979894267 |
|  143.95478654594 | 55.4195472379059 | 1237654382516830386 |
| 142.776951617305 | 54.4194175148326 | 1237654381979500912 |
| 142.778496532362 |  55.996316428606 | 1237654383590506773 |
| 143.087401029158 | 55.7369233536979 | 1237654383053635718 |
| 142.740299945454 | 56.0396516031243 | 1237654383590507121 |
| 143.224039247401 |  55.574663111109 | 1237653613722927957 |
| 143.284764248918 | 54.4491776487563 | 1237655369278095519 |
| 142.776934101137 | 55.9976008964286 | 1237654383590506772 |
| 144.020659330855 | 54.4494111404961 | 1237654381442891798 |
| 143.851591021694 |  54.449050018849 | 1237654381442826362 |
| 143.807393703266 | 54.6785735157921 | 1237655369278292146 |
| 143.865792891149 | 54.8102676670417 | 1237655369278357671 |
|  143.99531462369 |   54.61083662366 | 1237654381442892047 |
| 143.748959037008 |  54.690030661619 | 1237655369278291978 |
| 142.753844623357 | 55.9156647247524 | 1237653614259798051 |
| 142.980645201067 | 54.9597636432221 | 1237653613185859712 |
| 143.732958020123 | 55.1385632355775 | 1237653613186056311 |
| 143.994372507139 | 54.9834214633898 | 1237654381979893898 |
| 143.964506238748 | 55.1873878679558 | 1237653613186121813 |
| 144.071960318964 | 55.0832153806015 | 1237654381979894121 |
| 143.787769272587 | 54.6731676931917 | 1237655369278292131 |
| 143.732958020123 | 55.1385632355775 | 1237653613186056311 |
|  142.75264875944 | 55.4529247237506 | 1237654383053504774 |
| 142.980645201067 | 54.9597636432221 | 1237653613185859712 |
| 143.112957900803 | 55.9941094361542 | 1237653614259863770 |
| 143.079131876612 | 55.9743431957285 | 1237653614259863748 |
| 144.040445612633 |  54.529703448295 | 1237654381442892539 |
|  143.86767976949 | 54.6885088928715 | 1237655369278292439 |
| 144.071960318964 | 55.0832153806015 | 1237654381979894121 |
| 143.798982222082 | 54.9060293614978 | 1237654381979828726 |
| 143.946344291642 | 55.4025812993468 | 1237654382516830819 |
| 144.071251373729 | 55.1560959953158 | 1237654381979959465 |
| 143.732969932994 |  54.593297288773 | 1237655369278226644 |
| 143.773940172928 | 55.0514182541911 | 1237653613186056478 |
|  143.80746982808 | 55.1799839322714 | 1237653613186056648 |
|  143.83679967547 | 55.3681186307308 | 1237654382516830991 |
| 143.774838832229 | 55.3949419601811 | 1237654382516830582 |
| 142.753373215595 | 54.6659070183167 | 1237653613185729061 |
|  143.07988876087 | 54.7856896068306 | 1237653613185794664 |
| 143.041691554904 | 54.7874973187859 | 1237653613185794608 |
| 143.174009887554 | 55.1471433002156 | 1237654382516634031 |
|  143.79767598274 | 55.7438102629663 | 1237655370352296620 |
| 143.922814709466 |  55.694576560724 | 1237655370352296429 |
| 143.882460611517 | 55.6539108665304 | 1237655370352296322 |
| 143.822737139746 | 55.5067903680199 | 1237654382516830483 |
| 143.880711320196 | 55.4186971585483 | 1237654382516830474 |
| 143.995819091181 | 56.0369806890858 | 1237654383053897869 |
| 143.742196068709 | 54.5006917393962 | 1237654381442826523 |
| 144.059275063459 |  54.612402060382 | 1237654381442957439 |
| 144.034153196547 | 54.4985838237895 | 1237654381442891984 |
| 143.844212790154 | 54.5099920226687 | 1237654381442826403 |
| 143.830914428416 | 54.6085743366976 | 1237655369278291995 |
| 143.989431178935 | 54.7841138643675 | 1237655369278357727 |
| 143.831380756933 | 54.6530670346331 | 1237655369278292200 |
| 143.543318328058 | 54.5007318832098 | 1237655369278161166 |
| 142.795450194849 |   54.82723916992 | 1237653613185794138 |
| 143.892871330161 | 54.9976020492023 | 1237654381979893868 |
| 143.523019562072 | 55.1575708026681 | 1237653613185990870 |
| 143.542881824768 | 55.5304677784426 | 1237653613722992689 |
|  144.17899650798 |   55.18870097173 | 1237654381979959385 |
| 144.013099513725 | 55.3065380088255 | 1237653613186121870 |
|  144.01370707997 | 56.0493775937407 | 1237654383053897884 |
| 144.111422233671 | 55.3243291891554 | 1237653613186187374 |
| 144.180943402493 |  55.589137070948 | 1237654382516961357 |
| 143.830914428416 | 54.6085743366976 | 1237655369278291995 |
| 143.860985239684 | 54.8171620982168 | 1237655369278357678 |
| 143.989624357286 |  54.993363124177 | 1237654381979893901 |
| 142.707845836746 | 55.3855943693026 | 1237654383053439156 |
| 143.989325865737 | 54.6175607261188 | 1237654381442892045 |
| 143.933487557564 | 55.2632162522026 | 1237653613186122121 |
| 143.816412042176 | 54.4716149378833 | 1237654381442826359 |
| 143.815319515292 | 55.2640201766239 | 1237653613186122001 |
| 143.503221465344 | 54.7379412258985 | 1237654381979697713 |
| 143.453986405299 |  55.360372742734 | 1237654382516765031 |
|  142.86049511872 | 56.0288421990191 | 1237654383590507272 |
|  143.48034615694 | 56.0138392582314 | 1237653614259994764 |
| 143.452750155552 | 55.4153602764213 | 1237654382516765105 |
| 143.861683613967 | 55.8564051031198 | 1237655370352362062 |
| 143.934352146368 | 55.6610590493776 | 1237655370352296149 |
| 142.795944164008 | 54.4872036584807 | 1237654381979501054 |
| 144.076871878838 | 54.6396057089026 | 1237654381442957456 |
| 143.954408699849 | 54.7900368774863 | 1237655369278357688 |
|  142.78365234072 | 54.5287269277627 | 1237654381979500654 |
| 143.953656111887 | 55.4865868768253 | 1237654382516895909 |
| 143.591565083009 | 55.9487814564961 | 1237654383053766769 |
| 143.615437834917 | 55.5588327579902 | 1237653613722992720 |
|  144.24261018066 | 55.1705297738573 | 1237654381979960132 |
| 144.242660818076 |  55.437990503687 | 1237653613186252900 |
| 144.103835803993 | 56.0101542102321 | 1237654383053897994 |
| 143.999168324293 | 55.7994690278268 | 1237655370352361854 |
| 143.953656111887 | 55.4865868768253 | 1237654382516895909 |
| 143.951767796289 | 55.8008733279971 | 1237655370352361635 |
| 144.205277894427 |   55.95899531178 | 1237655370352427262 |
| 143.612538358036 | 55.1093370583141 | 1237653613185990814 |
| 142.748990180594 | 56.0415284480358 | 1237654383590506693 |
| 144.023919768657 | 56.0295950971552 | 1237654383053897876 |
| 144.243863649886 | 55.2129303053432 | 1237654381979959643 |
|  144.24243510239 | 55.3031390178096 | 1237653613186187731 |
|  142.78365234072 | 54.5287269277627 | 1237654381979500654 |
| 142.884933861315 |  55.100677735515 | 1237654382516568512 |
| 142.782816506562 | 56.0697397556519 | 1237654383590507246 |
| 143.973815446293 | 55.9199642819649 | 1237654383053832320 |
| 143.974243196688 | 55.7005020259345 | 1237655370352296495 |
| 144.103826331412 |  55.727415869516 | 1237655370352361705 |
| 144.203565420405 | 55.6642073077714 | 1237654382516961528 |
| 143.953941950081 | 55.6426743692754 | 1237653613723123792 |
|  142.78308773697 | 55.0520291860344 | 1237654382516502713 |
| 143.593873508212 | 54.5139350692646 | 1237655369278226754 |
| 142.748990180594 | 56.0415284480358 | 1237654383590506693 |
